%YAML:1.0
---
#####################################################################
# 哨兵下云台
#####################################################################
K: !!opencv-matrix
   rows: 3
   cols: 3
   dt: d
   data: [ 1828.830200195312, 0., 320.2216109585519,
           0., 1827.776611328125, 240.2076003059254,
           0., 0., 1. ]
D: !!opencv-matrix
   rows: 1
   cols: 5
   dt: d
   data: [ -0.02077291190098142, -0.005932086592258127,
           -0.007329234923805467, -0.005572280753825111,
           -0.4061540948409598 ]
Tcb: !!opencv-matrix
   rows: 3
   cols: 3
   dt: f
   data: [ 1, 0, 0,
           0, 1, 0,
           0, 0, 1 ]

#####################################################################
# 哨兵上云台
#####################################################################
#K: !!opencv-matrix
#   rows: 3
#   cols: 3
#   dt: d
#   data: [ 1846.251313613796, 0., 731.2216109585519, 0.,
#           1847.816693471379, 499.2076003059254, 0., 0., 1. ]
#D: !!opencv-matrix
#   rows: 1
#   cols: 5
#   dt: d
#   data: [ -0.02077291190098142, -0.005932086592258127,
#           -0.007329234923805467, -0.005572280753825111,
#           -0.4061540948409598 ]
#Tcb: !!opencv-matrix
#   rows: 3
#   cols: 3
#   dt: f
#   data: [ 1, 0, 0,
#           0, 1, 0,
#           0, 0, 1 ]
