%YAML:1.0
---
#####################################################################
# 哨兵下云台
#####################################################################
K: !!opencv-matrix
   rows: 3
   cols: 3
   dt: d
   data: [ 1.8210460205078125e+03, 0., 3.0664813232421875e+02,
           0., 1.8230406494140625e+03, 3.0371420288085938e+02,
           0., 0., 1. ]
D: !!opencv-matrix
   rows: 1
   cols: 5
   dt: d
   data: [ 2.7377921342849731e-01, -4.5255229949951172e+01,
           2.5284625589847565e-03, -9.4399158842861652e-04,
           1.4208205566406250e+03 ]
Tcb: !!opencv-matrix
   rows: 3
   cols: 3
   dt: f
   data: [ 1, 0, 0,
           0, 1, 0,
           0, 0, 1 ]

#####################################################################
# 哨兵上云台
#####################################################################
#K: !!opencv-matrix
#   rows: 3
#   cols: 3
#   dt: d
#   data: [ 1846.251313613796, 0., 731.2216109585519, 0.,
#           1847.816693471379, 499.2076003059254, 0., 0., 1. ]
#D: !!opencv-matrix
#   rows: 1
#   cols: 5
#   dt: d
#   data: [ -0.02077291190098142, -0.005932086592258127,
#           -0.007329234923805467, -0.005572280753825111,
#           -0.4061540948409598 ]
#Tcb: !!opencv-matrix
#   rows: 3
#   cols: 3
#   dt: f
#   data: [ -9.99758482e-01, 2.05852799e-02, 7.68128550e-03,
#    7.81105878e-03, 6.23124838e-03, 9.99950051e-01,
#    2.05363873e-02, 9.99768615e-01, -6.39045238e-03 ]
#
#
# [-1,0,0,
#  0,0,1,
#  0,1,0]
